65537
8
65545
32777
32783
65552
32785
17
19
32804
65579
32836
32848
80
82
32852
65627
65633
103
32873
32875
32895
32901
32909
143
65682
32926
65700
32933
65705
65709
174
176
65712
32946
32944
32945
65719
32953
65724
32978
65747
32979
32981
32982
65773
237
65774
65775
65790
259
33040
33050
33055
65831
65838
302
65847
316
33087
324
65863
33098
335
33107
340
65876
65883
33132
33137
33144
387
33160
394
33166
33168
33169
403
65945
65947
33180
65949
413
33191
33195
65965
33201
33203
437
441
33216
33219
453
454
455
456
65998
66002
469
66007
472
66011
66012
66015
489
33259
66030
33267
66035
33272
66047
515
33284
518
66055
66063
33308
33309
66077
33311
33312
546
33319
66090
66093
566
33335
66110
575
66123
33364
598
600
33380
66149
66151
619
621
33390
632
639
33408
66189
673
33450
685
33454
33455
66224
33458
33479
66248
718
33489
738
33508
33512
744
747
66290
33523
33528
768
33541
33556
33561
66331
66337
33570
33575
810
33580
66350
33596
33597
33602
66372
845
33614
856
33629
66400
33634
66412
33666
902
66447
66449
33686
920
66458
924
926
33697
66465
66467
33707
66482
984
66522
66526
66528
66533
998
66535
66538
33791
33795
66570
33803
1047
66588
1058
1059
66596
66606
1073
66615
66617
33855
1097
66637
33869
33881
1117
33887
33889
66661
66666
66667
33914
33915
66686
33922
66695
1161
66706
1171
1172
1174
33944
1183
33952
1186
66726
33967
1209
1217
66753
66756
66757
66760
1229
66772
34004
66792
66794
34030
1267
34038
1270
66822
34055
1290
66828
66836
1302
1304
1308
1320
34089
66859
1331
66873
1338
66874
66881
66889
1358
1360
66897
66898
34135
34137
34138
1371
34143
34146
1380
66919
1388
1393
66930
66935
1401
34172
34173
66944
1410
34182
1423
66966
34201
66974
1447
34216
67005
34243
34245
1478
34256
1493
67030
34265
34276
67064
67065
1529
34304
1539
1543
67083
1548
67088
1557
34330
1572
67108
67117
34353
67122
1587
1588
1589
34358
67140
1604
67142
1626
67170
1634
67175
34418
1669
67206
34444
67212
67215
67225
34468
34473
1713
34486
34488
1720
1726
67263
34495
1730
1731
1746
34514
67288
1753
34527
67296
1764
34536
67310
34542
67318
1783
1788
1799
34572
1811
1813
34584
67353
34586
34591
1831
34602
67377
67385
34617
1853
67390
67399
67400
34638
67414
1879
67418
1883
1893
1894
1902
34675
67444
67448
67453
1924
67461
1927
1935
67471
1938
67477
67478
67481
67491
67500
1966
1967
1971
34744
34749
67529
2001
67539
2011
34786
34792
2031
67577
2042
2052
2056
34832
67604
34840
67616
67625
34860
2101
2104
34882
34898
2133
67678
34917
2156
67694
2160
67701
2180
34950
2182
34951
34957
67725
67729
34973
34974
34980
67756
67757
2223
2226
34994
35000
2239
2245
67783
2253
35027
2260
67795
2262
2269
2270
2271
67810
67812
35047
35050
67822
67828
35068
2311
35081
35083
2316
35091
67875
35116
67884
35118
35123
35125
35128
2362
67917
35150
2385
35160
35165
67940
35175
67953
2423
2425
67970
35206
67981
2449
2453
35222
67992
2457
2462
2463
68001
2476
35255
35257
68026
2491
2502
2506
2507
68042
2514
35283
2518
35292
68062
68064
2529
2530
2534
68072
2539
2542
35312
68082
35321
35323
2557
2561
68097
35338
2578
68124
68126
35360
2596
2599
35374
35375
35380
68149
68151
2632
68171
68175
35408
2642
35411
68180
2645
2648
2657
68203
2671
35439
35445
68214
68220
2728
35499
68267
2733
35508
35518
68299
35531
35538
35545
2785
35559
35560
2799
2801
2805
35578
68364
68369
68370
35603
35606
35613
68383
35615
2855
2861
2869
2870
35639
68421
35654
2896
2898
68434
68437
2902
35671
35690
68460
35696
35698
68474
2938
35710
68479
2946
35717
2949
2954
68493
68496
68509
35741
35744
68516
2982
68524
2998
68537
3003
68545
3015
35785
68556
3024
35806
3043
68596
68599
68600
35837
35841
35842
3075
3073
35843
35844
68617
35851
35864
68633
68636
68637
35870
68641
68647
35881
68654
68675
35911
35926
68695
3166
68702
68710
35949
3188
35957
3195
3218
3225
3227
3230
36002
3235
36006
68779
36011
3245
36015
36016
3251
3254
36024
68793
36026
36032
3264
36034
68806
3273
36048
3284
68822
36058
3292
68832
36068
68847
3318
68854
3320
36093
68866
68867
3333
36102
36110
68881
36114
3349
36123
3359
36128
68898
68899
36131
3365
68907
36144
36145
3379
36151
3386
68923
36160
3406
36176
36177
36182
3423
3424
3425
36199
36202
36203
68972
36205
3447
36218
3452
68991
36225
3458
69004
3473
3478
69014
3481
69022
69031
3510
36280
36283
3524
69063
69075
3544
3550
69088
69089
36325
3566
69104
3569
36338
36342
3577
36350
36356
69126
36359
36361
3594
36370
69145
3610
69150
36383
69153
3628
36398
3631
69170
36403
3644
36416
69190
36427
69201
36435
36441
69210
36442
69213
69215
3682
36450
3688
3691
36478
3718
69265
3731
36500
36506
3738
69276
3744
3751
69292
69294
69295
36528
69298
3764
36532
36533
69300
3772
36546
69314
36573
69341
3805
3807
69346
3813
36588
36589
69371
69372
69374
36612
3850
36619
3861
3875
69414
36650
36651
36654
69436
69440
36674
69445
69450
3918
69462
36705
36706
36719
3955
69494
3961
36733
3965
36735
36746
36754
3995
3996
36768
69538
36778
69547
4017
4018
69556
36789
4027
36795
4030
69566
69570
69576
36809
69578
4047
69584
36817
4049
4051
4052
36818
69592
69594
4058
69600
69602
69613
36847
4083
69626
36861
4100
69644
69647
36885
4118
69655
4120
69657
36886
36893
36896
69669
69681
69686
36930
4164
36944
69713
36948
69729
4204
4206
69743
69745
36978
69746
36984
4216
37003
69776
37010
69784
37018
4257
69798
69799
37032
4268
37037
37040
4272
37044
4277
69816
69819
37051
37059
4295
37066
4305
37075
69850
4323
69876
4357
37128
4366
37134
37141
37142
4376
69919
69920
4390
37160
69928
37162
4401
37197
4434
4436
4438
69977
69990
4463
4467
4469
4488
37257
37261
4514
37283
37288
37291
37298
37312
37313
4545
4548
4578
37347
4588
37356
4599
4602
4612
37381
37382
4626
37414
37422
37450
37462
4699
37488
37496
37501
4738
4740
4741
37512
37519
4751
37536
4781
4784
4786
4791
37569
37570
4806
4818
37592
4825
37596
4834
4835
37608
4866
37634
4880
37649
37656
37658
37662
4907
4915
37694
4928
4930
37700
4935
37705
37708
4945
37726
4960
4978
37747
37746
37756
37757
4992
37783
37788
5031
5032
37806
37809
5047
5050
5052
5053
5058
5061
37837
37839
5080
5085
5088
37861
37882
37889
37891
37901
5145
5148
5157
37926
5166
37937
37938
37946
5190
5198
37975
37976
5213
5215
5216
5226
5228
37999
38025
38030
5263
38037
5280
5286
38060
5294
5295
38068
5303
38089
38102
38113
38126
38128
38129
5366
38141
5375
38146
5395
38167
5400
5424
5442
38213
38214
5456
38241
38250
5489
38275
38276
5512
38282
38291
5544
38315
38327
5562
38345
5589
38374
5608
5611
38385
5618
5623
5624
5639
5641
5650
38421
38440
38453
38455
5707
38483
5722
38495
38501
38504
5738
5739
38519
38525
38541
5778
5780
38559
38570
38576
38577
5829
5843
5847
5848
38621
38628
38642
5875
5881
5883
38654
5887
5902
38685
38693
5926
5931
38723
5955
5968
38741
38747
38758
38768
6004
6008
6010
38781
6030
38808
6046
38828
6065
38851
6095
38871
38875
38883
38887
38891
6124
6127
6139
38907
6142
6155
6161
6167
38935
6169
6173
6181
6186
38962
6206
38980
6219
38994
38999
39008
6241
6245
39020
6262
39035
6276
39044
39054
39057
39063
6298
39072
39079
6319
6323
39092
39098
39113
39119
6352
39133
6370
39144
6377
6390
6407
39181
6419
39193
6427
6437
6439
39214
6448
39216
6450
6455
6460
6473
39241
6476
6482
39252
39263
39266
6499
6498
6512
6519
6520
39287
39289
6532
39314
6585
6588
6592
6593
6602
39377
39384
39388
6633
39422
39425
6659
39428
39432
39436
6675
6681
39452
6685
39457
6694
39462
39465
6709
39480
39491
39509
6743
39526
6766
6776
39552
39553
39554
39564
39570
6803
6804
6808
39578
39590
6824
39592
6828
39625
39632
6866
6876
39652
39660
6892
39668
6912
6943
6949
39720
39723
6958
39731
6980
6983
39753
39754
7018
39786
39787
7031
39800
7033
7038
7039
39808
7063
7064
7083
39854
7088
39859
7092
39862
39909
39914
39916
7162
7174
39944
7178
39946
39965
7207
39976
7218
39991
7250
40021
40039
7272
40042
7275
40044
7287
7289
40063
7297
7309
7315
40094
40098
40102
40107
40113
40118
40122
7363
40132
40135
40138
40140
7373
7374
7375
7381
7393
40177
40180
40192
7427
40195
7429
40205
40219
7452
40220
40224
7457
7462
7485
40265
40286
40288
7521
7531
40301
40307
40308
40315
7557
40327
7561
40348
40349
7597
40365
40374
40375
40378
7613
40383
7671
40442
7680
7683
7687
7688
40459
40462
40470
40476
40477
7720
40492
40493
7728
7731
7733
7742
7751
7754
40527
40533
40538
40553
7795
40566
40567
7807
7811
40581
7814
40583
40582
7816
7818
40598
7869
7875
40655
7893
40662
40664
40666
40692
40700
7954
7959
40728
40731
7971
40744
7987
40758
40765
8001
40773
40780
40790
40794
8032
40825
8073
40852
8085
40855
40872
8108
40880
40881
8112
8123
40892
40903
40908
8149
8155
8157
40936
8173
8174
8192
40961
8196
40968
40969
40971
8210
40982
40986
40995
40998
41011
8244
41020
8272
41042
41099
8360
41128
8361
8367
41139
41144
8380
8384
41172
41174
41175
8409
8419
8427
8428
8430
41207
8447
41216
41230
41236
41238
41239
8483
41268
8508
8518
8519
8533
41307
41314
41326
41327
41333
41336
8570
41342
41353
41372
8611
41393
8646
8653
41424
8660
8666
41436
41452
41455
41457
41462
8695
8709
8720
41491
8724
8726
41500
8736
41508
8750
41518
41523
8761
41541
41542
41547
8782
8784
8788
41560
8796
8804
41582
8816
41588
8841
8850
8852
41631
41643
8884
8892
8899
41667
8904
41672
41675
8939
8951
8955
8962
8969
41743
8979
41751
8985
41765
8997
41773
41780
9013
9014
9017
9020
9027
41809
9043
41831
41845
41846
9079
41853
9088
41876
41879
9121
9128
41904
41907
41910
41912
9144
9147
41915
41917
9151
41926
41936
9171
9174
41953
9188
41957
41959
9204
41989
41993
9226
41996
9231
9232
42000
9240
9243
42011
42020
9258
42036
42038
9276
9289
42075
9328
42103
42119
42122
42131
9365
9374
9376
9377
42168
9408
42180
9417
42188
42202
42203
9435
42207
42211
9453
9459
9462
42241
42246
9478
42249
9490
42294
9529
9539
42310
9544
9547
42319
42332
9564
42342
9586
42355
42368
9601
42374
9608
42381
9617
9654
9657
42432
42434
42460
9693
9698
9703
42474
42478
42480
9726
42502
9735
9743
9751
9762
42534
9782
9795
42573
42585
42588
9852
42622
9855
9854
42635
42636
42638
9871
9875
42654
9892
9894
42663
9906
9925
42696
42698
9930
9942
42712
9946
42723
42737
9971
42742
42763
10015
42784
42798
42802
42828
10070
42847
10089
42864
42886
42890
42894
42904
42905
42907
10151
42920
10162
42945
42946
42948
10188
10206
10207
43010
43030
43040
43047
43052
10305
43078
43080
43083
10319
10320
43091
43092
10326
10331
43114
43120
10353
43126
43127
10365
10373
43150
10387
43168
43171
10410
43195
10432
43202
43206
43211
10445
10447
10458
43235
10477
10478
10482
10485
43259
43283
43296
10539
43308
10540
43322
43324
10581
43351
10585
10595
43364
43365
43368
43372
10606
43379
43380
43401
10638
43406
43416
10651
10652
43424
43439
10675
43446
10679
43462
43480
43484
43485
10728
43545
10794
43569
10807
43589
10825
10827
10836
43606
10840
10841
10845
10846
10855
10862
10864
43633
10880
43651
43656
43665
43672
43684
43689
43702
10943
10944
43715
10954
43723
43722
10965
43734
10991
10995
11001
11010
43780
43789
11034
11053
11062
43833
43838
43840
43850
11095
11100
43872
43885
11135
43904
11140
11151
43923
11166
11183
43954
11200
11206
43980
43982
43986
11223
43998
11231
44007
44011
11247
44017
11257
11266
11268
44041
44049
44054
11305
11309
44081
11322
44098
11334
44116
44133
44136
44138
44140
11381
44157
11422
44200
11451
11459
44229
11462
11468
44238
44248
11481
11486
11491
11494
44263
11498
11508
11517
11518
44288
44291
44294
44301
11536
44309
11544
44315
44330
44340
44357
11592
11597
11598
11612
11617
44390
11628
44399
44405
44415
44422
11656
11657
11660
44429
11680
11686
11687
44458
44485
11728
11730
11733
11737
44506
11747
44518
11758
44542
11787
44582
11822
11829
11836
11840
11844
11846
11862
11868
44642
11881
11886
11887
11890
44664
11903
11904
11905
11921
44690
44698
11946
44715
44728
11967
44750
11995
12000
44769
12008
12013
44793
44797
12034
44816
44822
12054
12058
44829
44833
12080
12082
44868
12118
12129
44909
44912
44929
44935
44938
44941
44943
12178
44949
12189
44959
44961
12194
44964
12201
12202
12214
12228
12229
12243
45015
45017
45019
45026
45040
12295
12299
12306
45082
12317
45096
45102
45105
45107
12349
45126
45129
45143
12378
12405
45197
45201
12441
12443
45212
12448
12459
45231
45234
45249
12506
12513
12515
12527
12533
12536
45316
12571
12581
45364
45378
12626
12631
45404
12654
12664
12666
45435
45437
12670
12669
12683
12684
45469
12705
45477
12715
12719
12730
12731
45518
45544
45546
45552
12789
45576
45587
45591
12829
12848
12853
12856
45625
45629
12868
12869
12873
45654
12897
12907
12913
45686
12922
45706
12939
45709
45710
12961
12966
12968
13007
45776
13009
45781
45794
45802
13036
45808
45815
45821
13068
45840
13079
45857
45861
13094
45863
45873
45877
45889
13124
45903
45906
45907
13147
45915
13154
13160
45941
13177
13179
13184
45956
45975
45987
13219
13221
45991
13231
13232
13252
46021
13254
13268
13270
46038
46043
46058
46062
13305
13324
13326
13331
46106
13344
46117
46122
13354
13355
13365
13370
46150
46165
46166
13422
13428
13433
46208
46212
46226
13493
46264
46265
46270
46278
46289
46299
13538
46307
46341
46352
13590
46365
46374
46376
46379
46387
46388
13630
13633
46403
13638
46425
13663
46436
13671
46453
46455
46458
46461
13700
46474
46476
13712
13721
46494
46504
13737
46533
46534
13767
13799
46586
13822
46595
46618
13850
46654
13889
13892
13900
13901
13903
13906
46678
46687
13931
13936
46707
46712
46721
13954
13976
13978
46760
14017
14033
14048
46821
14055
14070
14071
14076
46849
14085
46853
46866
14098
14101
14105
46878
46889
46891
46892
14123
14139
14141
14148
46947
46951
14184
46952
14190
46976
14213
14223
14249
14250
47032
14284
47052
47053
47057
47059
14301
47069
47071
14325
47095
47098
14338
47109
47111
47113
14365
47135
14394
47165
47173
47174
47198
14434
14436
47219
47239
14473
47242
47254
47261
14494
47267
14505
14514
14554
14562
47338
47342
14582
47373
47374
47398
47405
47409
14666
14693
14696
47469
14702
14712
47480
47483
14728
14730
47508
14745
47514
14755
47526
47527
47533
47534
14770
14773
14779
47548
14791
47566
47570
47576
14820
47596
14836
47608
14840
14856
47635
47645
14880
47648
14885
14888
47663
14899
14907
47676
14912
47685
47692
47693
14931
47704
14942
14951
14958
14960
47729
14962
47735
47746
47758
47759
47775
15011
47780
15016
47784
15019
47790
47791
15025
15030
47800
47801
15042
15061
15070
47842
47843
47848
47851
15087
15092
15095
47872
47880
15113
15114
47897
47911
47918
47923
15156
15165
15171
15173
47960
47961
47962
15213
47990
48000
48001
48003
15249
15250
48032
48043
48053
15293
48066
15301
15302
15303
15323
15330
15345
15346
48113
48119
48123
15355
15364
15369
15379
48150
15391
48165
15408
48178
15414
15422
15427
48204
48207
15450
48224
48225
15461
15464
15472
48261
15497
15509
15524
15529
48302
15536
15540
15548
48317
48333
48344
48349
48355
48358
15590
15593
15595
48364
48380
15632
48401
48406
48417
48418
15657
48426
48427
48436
15681
15695
15700
48471
48490
15732
15733
48501
48502
48510
15744
15765
15769
48537
15771
48544
15779
15792
48577
15827
15828
15829
48597
15871
48641
15875
48645
48650
15886
48656
15896
15903
48677
48690
15923
15935
48706
48707
15941
15946
48720
48725
15960
15967
15969
48739
15974
48755
48765
48773
48784
48791
16025
48813
16051
16053
48821
16055
16063
16068
48844
48870
48874
16116
48888
48894
48895
48897
16133
16173
48944
16193
16218
16221
48989
16225
48994
49002
49003
49009
49027
16264
16272
16274
49043
16283
49061
49067
16301
49073
49074
49079
49081
16315
16318
49088
49092
16332
49104
49105
16351
16355
49129
16362
49131
16364
16375
49144
49160
49164
49175
49176
16416
16420
16425
49197
49198
49211
16455
16459
49248
49249
49256
16492
49260
49263
16514
16521
49291
49293
16530
49300
16535
16539
16543
49318
16554
16556
16573
16580
16582
16584
49359
16596
16601
16616
49388
49394
49403
16635
16642
49415
49421
16655
49423
16661
49452
16687
49471
16717
49489
16725
49497
49506
16739
16754
49526
49531
49534
16767
16776
16778
16781
49556
49567
16804
16813
16814
49590
49605
16842
16845
16846
49621
16875
16890
16894
49670
49690
16944
49712
16955
16960
16964
16966
49736
16973
49742
49743
16989
16998
16999
17002
17011
17016
49795
49807
17040
49822
49839
17073
17081
49862
17099
17100
49875
17120
17126
49907
49918
17156
49926
17159
17160
17164
49938
17173
49949
49986
17230
50009
50013
50018
50019
50025
17272
17307
17313
17314
50085
17318
50109
17343
50122
50134
17367
50143
50145
50159
17404
17406
50175
50182
50183
17417
50192
17435
17446
17451
50223
50229
17464
50235
17470
50244
50257
50265
17501
50276
50278
50289
50290
50299
50310
17547
50320
17593
17603
50382
17622
50394
50407
17641
50418
50433
50438
17681
50456
17690
50464
17701
17702
17706
50477
50514
17749
17755
50563
17813
17817
17822
50590
17832
50601
17838
50607
17842
50612
17848
50621
17857
50629
17883
17886
50660
50688
50693
17926
50695
50700
50702
17955
50726
50740
50742
50745
50746
50749
50752
50755
17988
50772
18005
50773
50775
18011
18021
18025
18034
18043
50814
18052
50840
18095
50866
18106
18108
18113
50885
18130
50905
50907
50912
18144
50928
50933
50937
18174
18203
50976
50984
18229
18233
51003
18236
18240
51015
18261
18274
18279
51054
18300
18302
51073
18331
51105
18340
51113
18351
51129
51144
18378
51152
18392
51188
18423
18430
51199
51213
18449
51227
18463
18473
51242
51243
51249
51265
51266
51267
51280
18532
18533
51321
18556
18558
51328
51330
18568
18584
51352
51367
18604
18605
18612
18629
18638
51414
18649
18656
51433
51434
18676
18688
18691
51460
18697
51472
18708
51485
51487
51524
18760
51532
18771
18779
18790
51566
51567
18804
18851
18854
51626
18859
51632
18865
51636
18872
18885
18906
18907
51676
51680
18925
18926
18929
51707
18947
51724
51741
51747
18992
51764
51771
51780
51787
51790
51794
19026
51795
19029
19045
51813
51832
51835
51847
51856
19095
19098
19100
51909
51922
19192
51960
51962
51975
51983
19220
51997
19235
52007
52012
52030
19274
52047
52049
19288
19311
52093
19336
19339
52115
52141
19374
19392
19397
19398
52166
19399
19440
19443
52222
52225
19458
19473
19477
52250
52260
19501
52270
52282
52291
52293
52297
52301
52312
52320
52324
52325
19574
52355
19589
52369
19602
52373
19607
19608
52398
52406
52413
52414
52423
19656
52427
52429
52436
52449
52458
52473
52476
52481
52482
19718
52497
52510
52522
52550
52551
19802
52574
52582
52587
52592
52594
52597
52616
19867
52644
19880
52648
19896
52668
52669
19901
19908
19909
52706
19947
19951
52722
19964
52733
52739
19974
52744
52745
52749
52762
20000
52794
20029
20045
52814
20059
52833
20078
20080
20092
20098
20104
52873
20111
52890
20134
52910
20143
52912
52913
20152
20155
52929
52932
52940
52951
52958
52966
52977
20210
52984
20240
53015
53021
53032
20265
20269
53040
20272
53041
53048
20294
20302
20307
20310
53087
20319
53091
20337
20338
20348
20353
53122
53129
20362
53141
20379
20382
53156
20389
20395
20400
20411
20418
53188
53189
53190
53206
53213
53219
20464
20470
20472
53245
20488
20499
53270
53282
53285
53287
53288
53291
53314
53315
20554
20556
20569
53352
53358
20591
53368
20622
20625
20631
53414
20652
53422
53425
20664
20677
20684
20690
20695
53472
20710
20715
53485
20720
20735
53510
53513
20745
20757
20765
20768
53537
53538
53539
53544
20777
20799
20803
53571
20805
20808
53578
20818
53592
53594
20827
53612
53623
53627
53628
20872
20873
20896
20899
53674
53681
20915
20928
53721
53724
20957
53733
53752
20988
20990
20998
53768
21008
53796
53799
21035
53814
53841
53848
53854
53865
21111
21117
53896
53906
53907
21142
21146
53914
21169
21181
53950
21195
21196
21197
53968
53970
53975
21208
21212
53984
21220
21228
21230
21236
21237
21255
21266
54041
54052
54059
21301
21302
54074
21309
21317
21325
54103
54104
54124
54140
54148
54162
54172
21412
21418
21419
54193
54203
21445
54215
21457
21459
54228
54232
21478
21479
54251
21496
54266
54275
21509
54283
21525
54294
21527
54298
21534
54306
54307
21542
54316
21548
21550
54323
21557
21560
54329
54331
21575
21603
21608
54377
54387
54390
21627
21635
21640
54412
21646
54415
21649
54421
54422
21658
21664
54439
54454
54466
54467
21708
21709
54481
21727
21730
21743
54518
21756
54528
21761
21766
54536
54551
21792
21805
54574
21811
21812
21825
54594
54602
54610
21842
54615
54616
21859
54631
21872
21878
21894
54664
21899
54669
21909
54683
21919
21935
54705
54707
54709
54719
54720
21963
54735
21972
21992
54777
22019
22025
54795
22028
22042
22052
22053
54824
54826
54827
22074
22075
54848
22081
22111
54889
54890
22126
22139
54913
54918
54924
54926
54935
54944
54951
22186
54963
54966
54989
22228
22229
22248
22253
55033
22266
22270
55040
55050
22283
55055
55056
22292
55068
22308
55076
55088
55098
55110
22349
22382
22393
55163
55168
22415
55185
55188
55196
55201
22444
55213
22445
22456
22464
22475
22478
22485
22486
22505
22508
22516
22522
55315
55319
55321
22562
55333
55339
55348
55360
22609
55390
22633
22641
22651
55429
22668
55448
55449
22689
55459
55464
55468
55484
22725
22730
55499
22747
22749
55521
55525
22758
22759
22760
55538
22782
22793
55566
22803
55576
22820
22826
55595
22828
22835
55608
22845
55619
55621
22858
55632
22868
55636
55639
22878
55649
22882
55653
22896
22898
22902
55672
55674
22912
22914
22916
55695
22937
55707
55719
22958
55731
55732
22968
55737
55744
22985
55754
23010
55797
55800
23032
23038
23050
55838
55845
23082
55861
23101
55873
23109
55879
55892
23125
23138
55910
23155
23165
23199
55967
23201
55976
23221
23226
56004
56027
23273
56043
56048
56058
23297
23298
23300
56087
23320
23336
56105
56109
56122
56128
23369
23376
23383
56151
23410
56190
56197
56200
56207
23456
56228
56229
23463
23468
23482
23488
56262
23504
56277
56279
23515
56295
23530
23535
23538
23539
56307
56316
56326
56337
56338
23590
56359
56362
56369
56374
56382
56391
23629
56406
23644
23646
56427
23666
23673
23680
23682
23692
23698
56470
23713
23716
23726
56495
23741
23747
23750
56522
23756
23771
23775
23785
56553
23791
56567
23820
56591
56604
56607
56610
56614
56615
56622
23855
56628
56631
56646
56648
23889
56658
23896
56665
23905
56674
56680
23922
56692
23953
23954
23958
56739
23989
56761
23995
23998
24000
56770
56773
24009
24012
24014
56789
56791
56809
24044
24052
24054
24058
24071
56855
24095
56865
56889
56890
56894
24141
24146
56919
56931
24165
56939
56940
56962
24194
56969
56991
57000
24239
57013
57019
57025
57033
57036
57038
57040
24273
24272
24281
24283
57053
57057
57058
57069
24302
57073
57075
24309
57083
57086
24320
57109
24343
24356
57149
24396
57167
24418
57189
24427
24430
24442
24446
57220
24473
24476
57252
24494
24504
24506
57281
24522
24528
24533
24546
24547
24549
24556
57326
57328
57337
24575
24579
57353
57360
57375
57386
24622
57391
24625
57397
57399
57400
24648
24649
24668
24680
24692
24696
24697
57466
24701
24702
57489
57508
57527
24760
57530
24763
24772
57546
57547
24790
57559
57561
57573
57575
57596
24828
57601
57604
24840
57611
57616
24848
24857
24858
24874
24875
24889
57662
24900
57670
57703
57706
24940
57714
57719
57721
57738
24972
24990
25003
25044
57813
25056
25060
25081
57865
57870
25108
25110
25115
25129
57898
25133
25136
57909
57924
57926
25162
57930
57934
25167
25168
25178
57946
57970
57996
58000
58002
25240
58010
58019
58028
25271
25279
58075
58092
58094
25328
58096
58105
25350
25354
25359
25360
58127
58130
58133
25375
25376
25380
25392
58165
25399
58181
58183
25419
25437
58215
25455
25462
58244
58245
25479
58272
25516
58284
58286
25518
58322
58327
25567
58337
58340
25573
25579
58356
25597
58373
25607
25616
25622
58395
25630
58407
58409
25671
58440
25678
25680
25681
25697
25735
25737
25746
25754
25756
25763
25771
25786
58559
25792
58570
25830
25831
25833
58605
25847
25859
25863
58632
58634
58638
58650
25890
58665
58667
25905
25908
25918
25927
25932
25939
58711
25951
58721
58722
58724
58737
58742
25988
25997
26001
58772
26012
26024
58804
58809
26044
58827
26061
26067
26069
26073
58841
58845
26080
58862
26095
58865
58874
26116
58895
26129
26132
26134
26138
26141
58912
58913
26153
26167
26169
26179
58954
26188
26192
58967
26200
26201
58968
26205
58975
58997
59000
59007
59015
26255
26274
59060
59061
26301
59070
59076
59081
59085
59093
59098
59104
59136
26380
59152
59154
59160
59171
59172
26419
59190
59208
59216
26453
26460
59237
26476
59244
59251
59252
59254
59262
26497
26500
26507
26511
26538
26539
26551
26552
59320
59327
59345
59346
26586
26594
59366
59375
59381
26636
59422
59431
59443
59445
59448
26684
59454
59465
26710
26714
59491
26728
59500
26750
59519
59525
59536
26773
26774
59543
26784
26811
59588
26835
26839
59619
59621
26857
59630
26883
26888
59658
59659
26898
26900
59680
26912
26920
26929
26936
26968
59746
26982
59753
59758
59762
27001
27012
27020
27041
27045
27066
27067
27068
27077
27086
59865
59868
27105
59878
59886
27120
59892
27149
59928
27163
59933
59934
27170
27192
27193
59964
59970
27207
59981
59982
59984
27218
59990
59992
27232
60007
27240
60009
27244
27257
60025
60033
27266
60050
27291
60075
27318
60087
60102
27350
27351
27354
27363
60132
27369
60138
27373
27374
60143
60145
27378
27379
27383
27387
27404
27405
27421
27425
60195
27429
60203
60213
60217
27462
60233
60234
60235
27477
60247
60250
60256
60265
60266
60268
60270
60273
60285
27522
60308
60316
60319
27562
27581
27584
60361
60367
27600
27605
27612
27614
60394
27633
27637
60407
60409
27658
60432
27671
60445
60457
27697
27698
60465
60469
27721
60494
27733
60516
60520
60525
60528
27775
27776
60565
60569
27820
27834
60606
27842
60612
27848
27862
60631
27868
27871
27896
27897
27904
60678
60680
27935
60708
27950
27951
60725
60728
27961
60730
27964
27976
27984
60755
60758
60763
60767
28002
28004
28020
28025
28026
28032
60806
28039
28040
28041
60809
60811
60814
28054
60826
60842
60850
60865
28129
60898
60906
28163
60939
60942
60945
28189
28192
60994
28227
60998
61001
28242
61016
61024
28259
28272
28291
28297
28302
28311
28320
61093
28329
61102
28337
61123
61132
28364
61142
61151
61153
61163
28397
28400
61172
61177
61178
61184
28418
28421
61191
28423
61197
28432
61202
61205
28437
28440
61209
61210
28452
61225
28463
61233
28469
28471
61239
28479
28480
61251
28485
61257
61260
61264
28497
28499
61286
61290
61292
61293
61305
28542
28544
28549
61322
61330
61331
28562
61335
28568
61346
28600
61371
28607
28620
61389
28632
28635
61403
28638
28643
61416
28650
28656
61427
28664
28674
61447
28688
61474
28710
28711
61491
28725
28742
28762
28763
28771
28780
61554
28789
28807
61576
61582
28824
28844
61617
61620
61642
28877
28879
28881
28895
28897
61670
28911
28916
61684
28942
61717
28958
61736
61741
61742
28975
28987
61761
28998
61780
29012
29013
61791
61810
29066
29072
29080
29103
61880
61884
61886
29128
61899
29132
61904
61921
61923
29160
61959
29195
61970
61973
61975
29209
29210
29217
61991
29224
61999
29232
62015
29251
62024
62029
29269
62065
29307
62091
29326
62097
62098
62099
29331
62101
29338
62107
62126
62150
62155
29401
29405
29421
29429
29441
29444
29459
29469
29472
62246
29501
62290
62293
29535
29536
29550
29556
29557
62339
62340
62351
29589
29592
62366
62370
29603
29604
62377
62378
29627
62396
29639
29640
62411
62414
62415
62417
62420
29655
29661
62440
62441
62447
29698
29711
29733
62504
62508
62523
29762
29764
29770
62542
62545
29779
62555
29788
62556
29796
62567
62572
29819
62591
62601
29837
29839
29841
62615
62628
29866
62637
29891
62688
62690
29924
29929
29938
62707
29940
29943
62714
62715
62725
62730
62731
62743
62745
30006
30014
62783
30024
62811
62815
30047
30055
62826
62831
62833
62840
30073
62843
30082
30091
62861
62870
62879
62887
30125
62895
62898
62905
62915
62917
62933
62942
62946
30184
62963
62983
63005
63006
30239
63014
63022
63038
30271
63043
30278
30279
63063
63070
63075
63079
63092
30332
63105
63109
63112
63125
30363
63147
30393
63168
63170
63190
30427
30434
63204
30439
30444
30451
63237
63238
63242
63248
63249
63265
30505
63273
30526
63295
63296
63298
30534
63304
63306
30539
63332
30578
30585
30589
63363
63372
63373
63374
63376
30628
30631
63404
63405
63422
30658
30680
63457
63470
30703
63475
30708
30714
63483
30719
30723
63492
63496
30731
63512
30771
30773
63552
30787
63558
63559
63584
30822
63616
63619
63629
30875
30889
30904
30905
63674
63678
30913
30939
30943
30965
63749
63750
63751
63770
63773
63781
63792
63796
31037
63814
63816
63821
31058
63836
63844
63851
31097
63875
63881
31117
31125
63904
63911
63913
31147
63922
63929
63937
31169
31182
31186
63955
63957
31191
31195
63975
63978
63980
63986
31232
31237
64016
31261
64039
64040
31279
31280
64049
31293
64068
64069
64071
64078
31312
31316
31332
64101
31346
64119
64122
31373
31394
31401
31419
31421
64205
31437
31446
31447
64262
64268
31501
64278
64285
64286
31528
31536
64307
64311
64321
31554
64326
31561
31566
64345
31587
64363
64368
64373
64375
31608
64403
31638
64413
31653
64429
64440
31675
31676
31678
64458
64489
31723
31724
31742
31745
31748
64528
31773
64550
64564
64572
64582
64584
31818
31821
64594
31830
64610
64615
64616
64617
31851
31853
64634
64653
64665
31897
64679
31912
64684
31926
64698
31932
64727
31981
31982
31991
64760
32014
64782
32038
64812
64814
64816
32051
64820
32059
32065
32066
64836
32072
64845
32081
32091
32096
32114
32115
64886
64891
64898
64915
64919
32157
64928
32166
32170
32173
64946
64958
64962
64967
64977
64979
64987
64995
32242
65012
65018
32254
65028
32281
32286
65063
65068
65074
65076
65085
32323
32324
65096
65101
32334
65102
65108
65128
32364
65133
32367
65136
65153
32385
65155
65165
65174
32406
32412
32414
65184
32416
32417
32424
65194
32427
32430
65218
65225
32459
32469
32474
32475
32483
32485
65256
32489
65278
65279
65287
32528
65300
32538
32542
32546
65320
65329
65330
32581
65354
32587
65358
32591
32599
32608
65381
65382
32640
32647
32648
65415
65424
32657
65450
32689
32696
32706
65487
32726
32746
65520
65524
